  -207.030528270451       -448.592980685832        226.454636896328     
   101.563696811400        333.482872623038        378.890858360435     
   181.559858812292        149.848502239734       -114.464140603996     
  -342.615243337255       -320.019768877738        87.6804594662210     
  -290.693133701066        265.117136312161       -223.714841304236     
   154.407839116018        155.472573691591        302.208385517685     
  -155.725702986441        262.486118735427       -161.315035173567     
   113.308777162453        276.780986705041       -276.336200995640     
  -148.741251389965        204.960463066416       -208.250525501229     
  -451.443012278833        446.476720017622        197.400411255207     
  -415.554723153893        269.369192606014       -489.715178555711     
   291.895336616365        6.59784677476381       -92.5372915182596     
   339.997363462938        364.215112504680       -289.758744709889     
   348.851083383122        320.925513179351       -2.39120503107767     
   101.707269970847       -437.320120480010       -387.298848210090     
  -113.671518006400       -257.289454978707        360.598235461324     
  -76.2995434857267       -386.708320756540        215.952575139685     
   294.945962527023        385.698785206486       -283.181456648942     
   75.7437199066457        237.511820014800        457.004097451150     
  -329.484618038960        75.2512136922919       -346.210614744529     
   295.706121546690        438.300352895412       -187.050941120522     
   182.737814743403       -164.074390868808        455.428754543625     
   49.3833733245658       -284.147992102700       -271.192018199397     
  -307.973414043775       -368.609232749690       -33.4286262939848     
  -344.615343861424       -23.0659486076830       -492.247568602228     
  -383.732526152053        17.9853984288669        71.7027236682964     
  -408.523654204100        352.179529348042        160.947920372975     
  -359.765013251466        210.407462150152       -100.075688681768     
  -72.9407568927697        59.5973551113963       -95.5169119960346     
   473.166818134103        10.1898910320077        182.936084014161     
  -67.5406876210870       -399.701032542897       -17.4428960227632     
   290.801135459027        1.86706923819094       -203.857098625905     
  -401.422938155453       -26.9817927821793       -204.809701027733     
  -44.1976148899641        276.367802634491       -454.438978399762     
   22.9784657494945        101.457748154134       -293.710271113261     
   13.0803224685719        34.0531330530132        113.373873353366     
   61.8162563789540       -458.446293355867       -478.413458524805     
  -177.665584535141       -216.735705231566       -112.214184849620     
   308.988065814591       -384.577590128917        389.152471710907     
  -315.291976695796        17.4046996884966        230.307715514746     
   168.995331444126        204.684558277104       -143.656005482544     
   21.2044535681495        57.0503852093966        405.432558135019     
   278.044602430327       -422.700566439679       -275.621445815928     
   343.633335413798       -58.3141429613829       -25.0535563703414     
  -130.764453958245       -419.132382202080        115.661624041961     
  -138.791411322202        127.212010935423        159.506600842838     
  -164.836801360887        444.823194439508        495.906721172885     
   193.948433262116       -77.4942478570216       -228.892462773184     
  -40.4846523614588       -236.312966135611        139.222546636087     
  -456.634725124553       -493.643270088210       -487.101229328478     
   488.167237953381       -112.645457533591        483.333632621614     
   358.738562088820       -340.238187192123       -316.695990701746     
  -59.3439971768491       -429.493922277812       -385.437323368235     
   375.161040289646        344.578961743605        409.464879103243     
  -65.3351643371819       -6.92359688156654        87.6298565177876     
   132.002140730703        329.749468494533        121.258129741502     
  -107.392514882779        320.540105340027       -439.147542616139     
  -477.156990234900        434.993277524796       -83.9796404532489     
  -134.859500435674       -434.193815293943       -155.624316878649     
  -35.6985081612949        197.834100255694       -191.136419189441     
  -311.341216770934       -155.251395281577        144.511713545533     
  -42.3965720011437       -10.4792687998805       -134.064172345892     
  -324.827223136236        313.491258372904       -430.288506240828     
  -465.947344948316       -100.505336673444       -240.790751281760     
   158.960922160966       -34.8088971612780        271.958881344880     
  -417.029896260957       -248.074808896687        478.771419821105     
  -372.293749426012       -138.857125445668        326.191698772037     
  -429.129784449950       -298.710669339824       -283.903362989326     
   6.72220721439709        266.544519065079        215.482836503553     
   331.897363397885       -402.345981774576       -383.198010768663     
  -491.940860317542        325.485604892612       -236.126688574799     
  -405.021378270731        324.007414765948       -382.862377931970     
   248.683415184769        492.155241003815       -33.8177091323339     
  -478.221389068672        65.9980415878031        477.830325307126     
   183.189962558050        251.979581507976        29.4814654653530     
   11.0629291461532       -156.029908807270       -154.800918259695     
   226.087577043772       -232.613657262252        144.567223632807     
   418.819492729219       -162.968907669354       -194.460174548028     
   24.6118598580387       -431.337690057095        94.1315258392957     
   164.595200442983       -393.808612587737        364.472823906777     
   179.017464963944       -393.816111131743        345.072997655348     
   460.689564076536       -49.1482343886056       -332.764919747142     
   166.571280760018       -441.027513699298       -20.8234918629745     
   467.959563376642        120.272261427315       -145.284415152472     
  -265.111005415412       -395.178057760995       -59.8132058904154     
   345.384298291831        292.912889457118       -45.9498909328797     
   93.0669412066636        477.198879263318       -231.308734119518     
  -320.744898060019        430.593723943672       -218.611510974346     
  -133.958865835567       -399.104066856134       -351.554068914660     
  -156.302426841905       -112.949357880604        479.493434194912     
  -493.348313697896       -4.28476364547714        431.198566291423     
   403.684643475893       -156.437409015922       -141.484531818976     
   110.198191770745       -95.8257227415164        147.453081344026     
  -57.8417393455979        263.906853707544        219.158944733677     
  -425.303551205807       -432.989168588109        187.758797993648     
  -136.717403829554        260.299340181724       -136.903647397091     
  -181.031116697773       -134.727570671516       -200.970945219757     
   412.607128066757        224.135408900448        148.891144504652     
  -110.133063914865        340.750511951647        38.0285157507385     
  -426.704182182372       -120.413208722660       -487.833064033562     
   337.286172047873       -497.648491431084        323.058027755436     
   369.575774257042       -66.9243066518418       -452.489911095073     
   186.840105513765       -126.654147759827        423.679291975096     
   76.4558203512535        188.659156456602        34.0961694708895     
   202.342712645944        182.523077826229       -66.9474705078345     
   446.816848348560        146.629365144062        324.262213922238     
   80.2373226360278       -464.980244181734       -468.536314240464     
  -443.589049952603       -47.9791972684831       -101.621184096580     
  -214.662032083736        140.145791886556        191.009092952949     
   8.22686785798601        72.9859428032313       -220.564330112175     
  -101.547489469656        73.5798802945238        117.138331037366     
   64.2207036534126        325.190992160342        478.260334186314     
  -87.6093073500288        69.8143436732780        418.854364241761     
   222.621589630298        368.099299160967       -228.767564960403     
  -470.719210575862        21.7767918254366       -140.686276116564     
   498.623971307200        240.402664958603       -17.5195573778657     
   493.057555709913       -454.492518739712       -303.448093260214     
  -100.660712950007       -441.010446281120        59.5172022278233     
   173.766799396917       -441.758361202414        54.3901958145034     
  -296.519113101124        204.472791813400        137.928021710310     
   111.394207909938        137.571481612312       -294.905276767420     
   358.601490026863       -107.864554351423        190.429088513585     
  -151.445085822062        421.789943870223       -411.746174794820     
  -279.295865092496       -463.047593766379       -131.104137582636     
   453.041772362099        381.485694985036       -401.028263656144     
   367.973954778995       -156.640342815980        228.264289862691     
  -463.381997257224       -438.503021734188       -334.596665548495     
   142.414105872249        23.9137939795247       -494.316555800339     
  -128.236061148377       -272.770149952482        116.290211391014     
   457.661150675823       -350.953224734880        188.269233099596     
  -432.999567270728        387.822360016823        360.356419407899     
   8.11332752445281        107.255225356990       -383.461784615299     
  -487.407114789637        127.036157202940        88.7892758693015     
   395.538627691930       -412.987291628458        130.535338351271     
   417.532729911747        15.3959467116060        15.8788314320606     
   320.579407619893       -398.595356094002        353.668438532303     
   43.4661298965191        361.737513564380       -211.656723865691     
   267.487544676493       -171.183025953620       -16.0040109699327     
   184.623578187544        285.676043379335       -491.587598940798     
  -452.791817014713        136.462856130367       -46.8443536580410     
   448.984503589421        98.9294228651553       -59.3676499772128     
   453.329909142590       -107.775125960301       -44.0638280685187     
   498.551918136379        126.888077839037       -209.324706947711     
   347.124203576499        295.180143597679       -173.627883781852     
  -248.813316528282        196.966084764392       -395.044061857623     
   376.237441543573        144.866302522660       -166.530350528230     
  -75.6073631004560        392.019142779346       -273.316660771108     
  -128.407409142065       -118.077160574757       -46.3878262988139     
   484.666134089519       -475.411423905739       -22.6848919075997     
   427.002238479995       -341.814123817813       -184.525004674041     
  -159.706476645103       -368.128565508373        72.9839548951172     
   379.994654934640       -341.150630031621       -306.223087724747     
  -360.801110122397        412.274377207886       -272.385761911418     
  -430.698347328864        296.383068753666       -191.115444407246     
  -161.272468142287       -447.357272973921       -481.185951922464     
   362.490391503870       -28.4388716878864        26.4734154335400     
   367.591159299596        491.622265096702       -457.944805000587     
   497.712273525791       -280.451430631044        300.287576403674     
  -369.575785898577       -216.518774583981        186.302273224895     
   81.9711533689617        233.864079405760       -155.150027334575     
   192.351180058833       -215.030466568466       -419.602977655015     
  -229.312566105076        208.527987927606        112.374378392389     
   180.439473985393       -235.875851264898        46.4796607619006     
  -209.411541605360        85.3539219848258       -387.235246326307     
  -352.821561735977        181.162851349842       -166.844449323499     
  -61.1549991640155       -164.524561019889       -422.907669771068     
  -273.570481107334        250.519478597749       -162.403927792020     
   191.252547202848       -67.1131197384638       -149.488090633643     
  -404.439900013335       -1.87776175309529       -437.553578378658     
  -48.9298862680058       -442.385905004480       -166.890176798062     
  -205.225256245652        349.164896728011        25.8053381431156     
  -265.766051174195       -60.5094361320622        323.588886300592     
   255.863602388838        449.828651144836       -19.6924405982064     
   283.278796625647        346.985687033171        308.620288843625     
  -334.896277620543        373.706754420451        145.773697127943     
  -147.261772778468        258.935307855484       -394.497829970120     
   171.546634790237        306.640472060273       -292.971166969533     
  -439.787658807799       -96.4882018517232        452.801170753359     
  -37.1707527244072       -188.410857466480        99.0990083308020     
   50.5623136636775       -160.731566679750       -154.453486962499     
  -191.176050226188       -82.6281893641678        474.692243080976     
  -334.314389115537        37.1548611010243       -492.640524811318     
   450.015025563200        8.22302568655232        208.999046713540     
  -193.243911455261        190.757520363846       -259.998198412288     
  -106.153278855155       -416.333468578917       -288.623470828401     
   52.4402838002061        258.326121819074       -338.916879290685     
   120.203387791889       -445.076251091194       -488.182844126384     
  -1.97528147506574       -8.74173792221109       -466.110744569177     
   217.612339182312        471.163098490266       -296.524065874771     
   379.543101303820        51.3754197707904       -240.083761935644     
   429.247206070464        289.827763165979        154.542257374194     
   148.113084067409       -211.925636750497        213.703447796772     
  -483.017507734005        153.813309303545        407.657938148324     
   200.060726378653       -82.3372651351008       -7.02675948723999     
  -22.9084652137112       -230.545702435256        173.068971471330     
  -57.2351153776920       -431.559685702703        204.523098601243     
  -345.862986472600        316.290911466220        285.272489184587     
   164.143723180617        55.9981759916258       -271.926454554195     
   4.09772752239587        12.5083190217638       -205.510831423300     
   72.7471796253266        55.8020864814404        146.361414315513     
  -254.950344642056       -365.977993518175       -216.787941254199     
   23.2252750891010        142.310146054420       -170.799242340930     
  -67.3914031257253       -25.5540170111198       -463.961648259657     
   166.138125407387       -231.729654687001        254.519530634469     
   173.758124126791        429.981173504328       -161.886227438380     
   86.6665206228624       -281.476320896991        323.541067541105     
   133.833233674905       -80.6004532384874       0.496138605368117     
  -225.961876896564        229.534382936740        174.514250519550     
   299.524960554958        318.880563883504        439.465757857349     
  -121.891928771890       -402.904521090391        262.636241421139     
  -198.319605252318        204.599007447675       -338.918202700116     
  -194.902624034660       -54.0807540979544        449.335368207424     
   229.601801846246        459.677417563543        347.606168615874     
   23.2161872430581       -53.0238999086588       -124.137906847393     
   140.374065577887       -53.1308488064092        335.309560411288     
  -158.043494882853       -277.773022703225        301.382977570197     
   95.5808687137306        220.084036331223        384.231055229733     
   171.711002986614       -128.684087394806       -195.916250419283     
  -146.210471134582      -0.602728012592536        338.500555731609     
   239.931265774255       -336.108873630527       -452.790983480976     
   40.4870565707783       -220.282566372314        338.566903620112     
  -275.878147664314        408.900740675889       -119.804399406247     
  -294.596947050067        32.4799401037360        251.454305310553     
   227.353569970024        384.094794815431       -428.378870204186     
  -437.068906915773        149.522326518500        151.290466245118     
   45.5814266458242       -186.242955890788       -221.761599345942     
   350.818026959677       -178.950562938489        391.818807835036     
  -277.935541758557       -490.410388999098       -314.015561338199     
   385.943791971178        168.083828309142        267.577577495990     
  -238.308994917323        377.525124973446        45.0439300987551     
  -429.544052580020        27.8811691654367        224.329193852832     
   331.873547616065        289.454145870916       -197.272913189698     
   399.827851674223        111.366549491023       -265.869172801674     
   395.227145447537        447.396529153316        165.142811153613     
   118.942506429791       -196.058326477632        485.752198281201     
   245.750585286318       -277.091983730355       -288.564764907586     
   164.776046064664        37.7268072714919        16.9689925119104     
   244.771793161332       -296.044986072846        122.904172608094     
   439.641410889810       -479.587704066632        77.1681000754638     
   70.6029485451281       -131.170224235147       -181.580391216248     
   34.4571394048885        434.722835873923       -269.166867890947     
  -191.349318141441        12.0249714339712        426.918106520565     
  -50.0744282064626        135.025372718067        420.956100002520     
   80.5087482292396       -478.000685167526        3.99429995543943     
  -391.595279232412        37.5648861252763        231.365862379826     
   384.831304294363       -319.186638403155        185.774936941856     
  -376.856656527527       -61.8187653620713       -108.408246522165     
   491.157755371372       -166.251517660627       -118.098109279918     
   341.596539381753       -215.459728992581       -497.834064446341     
   203.911901839314      -0.426845409108296        257.244301198871     
  -108.768486764898       -44.8898180926388        266.341713321881     
  -33.3444463714399       -437.945967412278       -241.337687249158     
   18.1850013536042        347.838705436460       -485.336421408502     
   476.363969031225        464.579322370346       -326.318231521663     
  -245.574921543649        371.175053087005        160.029033712328     
   11.9533708859395        160.232805237074       -300.006921869046     
   18.0759779347367        190.356418807196        451.692934564266     
   132.240700880278       -203.349694043736       -74.2205408442522     
  -155.960643085025       -48.0262821457516       -464.806222360828     
   462.459042579408        203.463160337119       -332.756562058026     
   235.222826476180       -372.085522453892       -305.233538823599     
   51.9391223391625       -96.7805891886129        297.558531999808     
   454.117363365354        177.669360117006       -422.172248542608     
  -328.976019035542       -483.145216278426       -185.337052798667     
  -327.670039772966        158.338811695015       -98.2801764522757     
   310.236847433321       -259.602560459738       -172.230683332127     
   240.540932373133       -418.631908988446        54.6954978020465     
  -2.99149786787086        448.943905839803        385.909546307431     
  -5.40318990092408        306.042027433202       -455.049298787113     
  -84.3435854973303       -475.479515230171        199.006073370349     
   278.902785017497        63.1080604457215        27.4804387408471     
  -126.963161067977       -67.8410130862556       -301.351389435525     
  -447.722115813000       -197.578718557112        331.078891475546     
   217.464315697767        347.212155355620        268.187460161713     
   323.769955439699       -368.442281995711       -12.8601158937029     
  -246.560588226491       -102.010880210868        359.321502057055     
  -76.2092918054162       -356.356979715798        282.143831477604     
  -434.541065914552       -108.557829040763        160.058310769942     
  -192.085142632592       -400.731667672373       -95.7269969567640     
   196.372960317740       -402.632233558102       -84.6906656859016     
  -463.028576158653       -417.402012729631       -436.349241337593     
  -325.173794822662        192.055125639160        98.1786031486367     
   186.840828220112       -469.518452607593        106.382514137081     
   107.688770002473        144.029357816322        225.842105083436     
   426.995652166487        298.346954332426       -436.296783660179     
   180.805694716275       -457.923512637382        105.835563734183     
   197.052006260221       -112.513755943473        215.914973920570     
   328.892262399121       -71.2953743339091       -83.0250738920332     
  -269.036943730033       -19.1492778843691        492.346065747277     
  -10.3201248576924       -350.280814931667        132.362272008690     
  -384.275164531260        312.120234142158       -171.821914196417     
   83.8174105735856        358.383375668239        303.422473040832     
   403.535856772467        260.346400378943       -359.239508414342     
   84.7961198108585       -74.7351338399985        11.0594511218607     
   8.48546308524078        447.585662149255        182.529253426466     
  -372.880726212106       -350.555186763961       -490.286591543984     
   333.478707282658        353.648876100849       -46.6913666896373     
   112.623557948042        452.159353500950       -330.447293626154     
   202.940047136462        476.367632854378        72.6909505569973     
   105.479559612349        284.112452831843        392.769014409446     
  -394.911155136045        205.570597654906       -197.764427079809     
  -136.822518487422       -417.623530606739       -141.328894772081     
   41.3000793245176        5.98257128545845       -178.209775894802     
  -12.8471593335320       -52.1963187198569       -141.057537165420     
  -105.692190809100        440.627624724686       0.289574509771398     
  -68.4361515180556       -79.5510426451640        374.584990246091     
   50.0449090049672        104.092645620868        264.292438963826     
  -449.782869653564       -263.965069752667        318.018442267349     
  -458.738176381562       -227.762347487640       -254.324996433047     
  -29.8454309985338       -372.896035293193        439.808062223569     
   83.1724459164103        53.4778959330258        460.448655131334     
  -287.403079648159        238.035309469792       -410.313401080966     
  -343.589848701441        73.8847683091661        385.678898209102     
  -159.542276552457        323.417284055830        68.7468235117744     
  -443.187130229038        165.428662468415        199.662282351074     
  -470.996406643975       -364.445306117577       -265.666146800678     
   349.409090448063        90.8024577508710        417.203319707084     
   313.652799539494       -76.1944875011841        191.144611103129     
   147.195370873252       -449.072160139277        304.563422867976     
   235.869638877416        53.8030378861613        397.385331931407     
  -8.24581049424410        6.05330058118716       -376.399972706101     
   481.001882993223        47.9304849049490        393.094042275562     
   249.486541704439        417.761505120305       -422.013416127833     
   383.980547142375        283.056112732629       -194.398819014384     
  -460.356546393738       -7.27810762759356       -320.348034952573     
  -329.765795045576        255.476113509138       -79.2011880465330     
  -190.227370089538        376.505802619732       -293.421520591169     
  -390.972156418783       -204.018111266913       -39.6569091225226     
   387.324496834808       -19.7572699651914        189.076303304864     
  -428.772012677799        476.104133747912        111.147132677726     
  -332.208323170295       -215.136640605803       -312.443965607201     
   38.1579491046366        302.095774178457       -105.805808908071     
   54.9782361710201       -247.278320844592       -349.255908833236     
  -145.168557688281       -433.442505236069       -217.562634494540     
   299.272683885961       -459.256186865632        81.0060265406546     
   75.0027028262742       -3.69054256644949        443.567420916272     
  -156.776035123488        29.6249436298934       -18.8790476437291     
   343.435349265114       -58.4751467548261       -108.407356643410     
   376.756799185800        393.568752777455       -499.534899350473     
  -362.736836696338        211.150133725143        270.460296184347     
  -112.935162195699        328.231845702838       -481.113778145365     
   206.057535957027        391.254505029241        277.315757736487     
   246.511636978707        165.677232007758        245.000240078670     
   246.058048407981       -18.1982903959494        72.1477235818999     
  -1.07209691364801        332.561763826640       -426.705150757887     
   19.5170157397837       -421.761025371816        167.080667196705     
  -385.280222282195        445.719746586948       -245.396210979055     
  -74.5761580015418       -161.763380397991       -184.830051944850     
   336.049059435803        172.546701117636       -57.2716972642095     
   353.007045344261       -249.610845799056       -58.4429825971161     
   454.753156357451       -455.625572348094        261.348874640954     
   247.278956472272        411.942544633109       -439.006426285741     
  -405.133809864695        280.341349695349       -356.882165109266     
  -79.9955051856207       -109.546645922338        277.301605823745     
   140.548791013027       -84.3322587517294        205.167693057680     
  -117.707626663684       -22.8437746137953       -329.067411120390     
   427.975208441675       -73.3914327520289       -180.708934953558     
  -321.262994691429       -368.607361256902        132.960141078387     
  -54.0003297338401       -452.864886724165       -82.8786164264587     
  -93.4364890875776       -71.9513528122878        18.5950645620834     
   247.697900307513       -275.157608039862       -473.134070968440     
   360.798827450674       -223.893930917133       -131.810781873724     
  -315.913275514091       -406.785626000156       -99.6014387189057     
  -376.854634626137       -497.268117856137        413.352271371958     
   353.393836197663       -420.705801928413        442.955969437609     
   72.0817710398454        73.4536199567632       -458.092790300905     
   4.85034562287723       -254.525222412611        457.160969431828     
  -31.9795241664451        172.150800066448        256.182839290955     
   54.5099019693859       -103.146799964588       -156.308866937764     
  -157.390927839200       -49.6728200103117        282.357489923194     
  -64.5464062627621        99.0263293111861        425.184462517814     
  -317.856535090975        54.4278449967338       -218.522871879137     
  -421.610872883780        118.734025672260       -296.637076751400     
   424.298434315884        262.858798654282       -79.4175207850016     
   72.7395409172673        189.409037865589       -284.218978909130     
  -379.549012408437       -45.5527828875876        56.7076845654058     
   475.460740231983       -285.962087012259        142.706007058736     
  -243.673494650167       -349.602836284899        168.684938381527     
   415.582671214139        415.301456023296        140.444149467046     
  -35.7556918353009       -137.333368963254       -381.859672236290     
   285.724569944006        252.788193517827       -326.043239428511     
   267.967424018880        31.0489135511011        118.297101257020     
  -116.197518248479       -347.221527720723        154.011620018159     
  -28.0680455666901       -189.207962519805       -77.1686355859674     
   499.620173111423       -237.853672223894        78.0838630800722     
  -345.272787310270       -331.249885100984       -126.557297658814     
   152.515863750058        55.5574284970662        484.369342993661     
   56.2982374268340        278.466634531347       -363.926159885584     
  -76.6103048864183        236.565504506260        242.399450905598     
  -228.588338908744       -38.4148716764832        237.106643921724     
  -156.524009445935        303.604132172814       -144.519159004153     
  -75.3142437439936       -327.754939142228        266.733271615731     
  -150.576608394744       -269.525588680839        315.299875242862     
   467.426381181571        366.672900350388        455.233179589182     
  -164.702751440804        232.245924994769        173.349103068314     
  -467.185814031770        6.89724603959530       -109.351407641019     
   66.6226936331608       -487.414763742245        145.500708309728     
   327.691355419234       -67.5117304727896       -320.505192849292     
  -309.039332796048       -450.814943676475       -357.156355799311     
  -43.7814184564271       -225.451820838920        466.977364473544     
   254.705148353211       -342.076084844986       -341.545876828674     
   340.555908832349       -398.821247462093        171.573809852717     
  -302.963202470854       -284.709752397765       -5.23696045630788     
   281.225324796582        44.9733689067579        339.157511633069     
  -190.925773106838        20.9565201221509       -483.704955137764     
   356.037600786980        1.75927143988008        204.905999785758     
  -237.736054559967        194.251982034843        301.337234263151     
  -440.502743675715        136.094510586947       -291.058505065727     
  -471.440456142853       -200.788044634734        377.288518273048     
   30.9228539133633       -159.315010552191        203.937246852863     
  -190.234587839777        346.224328004319        367.185220918963     
  -353.964871068958       -128.825185564413        471.858899857850     
  -490.061987729403       -277.418525927037       -280.074197475942     
   191.299385745285       -311.847562904956       -61.3534137211005     
   393.228616064614        468.587899734251       -243.885659254287     
  -28.8600921412510       -162.613314260791       -99.4414482044637     
   30.2888793286646        469.950837290761       -297.436789508037     
  -304.818333317320       -175.768258255116        323.529408313332     
  -442.359776282954        100.976552387236       -252.753817468917     
  -246.187835664473        33.2016592482751       -329.229639603067     
  -166.482207202813        320.880035764910       -259.287340817705     
  -455.519923576710       -98.7620795586977        92.6248554015114     
  -60.5515351737302        409.152413847833        125.266079859628     
   451.648708847415        102.807243465731        449.558441858954     
   466.384102191145       -113.672048860288       -71.8605563082496     
  -486.729423455895       -18.2111328691004        105.640562008808     
   61.4796246987607       -318.357498180302        103.957180556077     
   281.896109441838       -226.499554120220        382.331313098854     
   385.911054118739        326.260101623882        475.429396569493     
  -470.264297198721       -204.809091011423       -450.875829357861     
   264.499910167646        440.967898341952       -54.2630041541333     
  -461.296683042412        6.58134746337879       -319.164537651924     
  -180.180774915669        365.546900113804        470.207387333561     
  -206.868725867869        281.047392352030       -266.086112296824     
  -218.731394546186       -89.2846109760896       -60.4753553124178     
  -464.103832351428       -142.480978561046        41.0741157789237     
   290.261051697743       -263.920114810211        289.120390580609     
   262.851574384785       -243.650545464036        151.192642911976     
  -405.632008322850        330.157045537301        358.416707704503     
   432.309307738341        88.1774527929169       -477.144393630919     
   476.970207431569       -400.572976352974       -264.052820366104     
   452.696530138702       -304.365073503476        157.136130545553     
  -323.487606363579       -306.654649584389       -267.642575432369     
  -416.449227788572        274.876772362982        130.546267887778     
   145.725361950068        123.265163496852       -9.77243079368901     
  -78.4307770275594       -110.549045212879       -379.836101916651     
   392.564882462849       -25.6038339232691       -22.1111776211542     
   208.499643589587        176.123164347590        89.7519006994130     
  -125.378313081878        456.388328826522        484.543549682106     
  -64.7176918578360        398.210773406509        420.251808232348     
   261.299853078315       -402.218476724145        441.715037937171     
   118.380374071342       -199.953190281998       -200.646145527681     
   258.863212309484       -211.031379381972        140.611765651031     
   275.527712386033       -409.259713854210        330.164633022617     
  -76.9102820369303        486.822694949771        383.005521751691     
   184.101502014615        394.294150180649       -231.335599051568     
   249.813923488455        416.095235323576       -251.985528934175     
   322.807427001478       -410.333032895954       -236.855881583295     
   172.543624493389        45.4352541649688       -177.768882648254     
  -47.4456327654797        218.833752489121       -31.8759899630496     
  -467.816858675533       -44.4183728078211       -326.628094661696     
   209.725449013831       -65.0808680951016       -421.344303206665     
  -232.491360633525       -207.515793917162       -405.345323008649     
   479.403053526420        460.993504936082       -100.747469842218     
   290.304647840509       -144.077728850119        292.047460714369     
   241.217446515094       -447.025067870100        130.630398915886     
   302.045981946357       -387.052016518741       -77.3080741386805     
  -150.753499620617        279.136446410136        388.579433099017     
  -231.913153646802       -191.475323762467        431.788414345128     
   178.696577758159        243.240217294272        91.0200976006248     
  -250.680632799796        170.347541561135        473.936851501757     
   230.596297933106        150.333048905389       -32.2640143532507     
   152.551281017650       -22.5774028427346        359.107791923060     
   115.716163691073       -203.398967994802        276.851948365761     
  -211.236432406631        481.868565761868       -135.322345421836     
   229.352947322185        320.001318445480       -225.196630061471     
  -499.287221552531       -325.662701009461        44.4614595171165     
  -139.598705976220       -387.482471501460       -132.249337500518     
  -141.620088619045       -111.770510673754       -174.271556694565     
   304.618696864967        276.687172250080       -86.1388402161203     
   77.3682007921369        96.2630704428807       -173.251749587432     
   423.194793738217       -213.351266288598        186.538119034719     
   398.384913971049        105.063555031270       -335.425019735064     
   176.114150541695        44.1140845649386        194.861412077778     
   109.362448470576       -402.484990987566        69.3658433836392     
   260.822831499361       -168.647081048695        16.5874315006330     
   198.853054271316       -425.785255474852       -336.635986396139     
  -495.954893369305       -146.147941668786       -430.045604265238     
  -10.7670260664072        438.033586709225       -355.947856677495     
   232.329252291463       -238.035266163293       -31.3110901794605     
  -476.284591939389        40.6333501235732       -479.913933338916     
   331.707594774264       -408.918013916366       -228.102798987524     
   104.104879940353       -432.174943031217       -300.060230775327     
   362.999185619376       -151.625096978682        124.970768169739     
  -408.572935605748       -204.135395051683       -362.110436092777     
  -376.690638027482        70.4995153902362       -305.235306473915     
   198.831472266778        118.074521206474       -139.125813416064     
   495.269418972496        217.858810451811       -42.9157461728157     
   25.7970461122443        343.993305572973        377.207025681899     
  -120.803037550421       -259.325481738274       -436.826924621262     
   182.202456047389        221.816598602760        121.489255608331     
  -424.263756984109        429.010369333381       -42.3920145739444     
  -76.3796349020074       -141.552840607238        128.677624947203     
   331.569921543561        269.541863077812       -70.9630169588413     
  -422.763310109676       -267.959382513793       -89.1648014443973     
  -450.696046840942        282.478555809089       -464.427705377506     
   354.914242246983       -493.691965687935       -375.160420494450     
  -177.478074834513        403.990152217056        158.203900767178     
  -144.265686051261       -337.972874393545       -70.1302487687548     
   216.289159788087        292.247680640337        259.371416897777     
   232.029514490862       -343.869611960332        479.459662574375     
   486.547671657311       -100.559650942484       -255.993789648392     
   126.255056928693        398.015217078519       -460.480325688062     
   20.3131456983347        338.509569071843       -251.813557419997     
  -424.290358351861       -317.896157745819       -408.669284655195     
  -422.898010558603        120.871067407559        45.3403607727626     
   155.392018942311        279.044602633821        202.441041687264     
  -333.956288120842        491.543618161792       -42.2000852818643     
  -484.493153487294        328.229293878882        280.626611017277     
  -337.401398075334        329.642455335523        189.226905621721     
   492.681101606176       -187.061057146728       -354.507398155112     
   344.793863504881        481.057351170979        337.163372039275     
   100.455983559953        285.890314169542        469.521639127906     
   385.407382743258       -483.299100576166        334.354438316135     
  -78.7270652092073       -393.739168051551       -316.624046961332     
   174.872830214066        366.236684671656       -433.756401468671     
   320.729660690770       -232.747528834055       -119.540711241291     
   55.1393344937084        140.823653186675        316.690225814779     
  -117.905192785870        59.3279067160886        99.9674531618277     
  -296.507332335750        62.8963005012754       -216.910872579285     
  -363.758693644539        164.560051396304       -234.477298534741     
  -211.755385854845       -380.354238129272       -87.0800194804573     
  -42.1278141815524        187.373855815630       -342.550504774225     
   44.5454382739774       -478.724900722325       -378.210905309733     
   269.541466800040        205.742423417095       -332.364499918643     
   165.033291805455        124.776526869276        476.843237425979     
   232.075927418867        25.0248595267119       -317.211146216350     
  -397.613879897250        95.2062348800373        108.263589303197     
  -143.872595731715       -269.397300853753       -8.70618794114711     
   437.779471143731       -103.482248399403       -332.709507448743     
   66.1477302771781       -86.4112870045757       -299.992646090396     
  -434.264918050039        477.159556960016       -463.454324236893     
   394.300877589532       -109.210627983746       -135.003065678879     
  -222.388802749593        468.361901729720        167.114916585742     
   144.849496806136        410.053505727343        313.359052005930     
  -14.2271629112358        302.749267422447        42.5160606921943     
  -67.3979321628930       -76.5885482588915       -122.076921573160     
   294.742178429422        305.916571758178        99.8978968669281     
  -285.051975738918        455.530897816700        24.2433024387241     
   157.879021912680        244.441704953807       -466.462744003783     
   174.168608758752       -58.3013344815072        81.0510643708232     
   126.610655925192        117.085122248266        464.593371837601     
  -229.902213924420        95.6980104718024       -359.181960127534     
   398.715400784651        145.453895378662       -173.476182038652     
  -204.400004760363        434.746304738071       -20.5531726810252     
  -304.349437993813        19.2637928470132      -0.464240805926977     
   94.8342720795937        471.927303641018        312.889732464973     
   479.332378247403        174.474775479340        54.0122539228942     
   401.924474473845        318.628381278091        175.289082526960     
   92.1657487443118       -281.176799628897        412.664538517819     
  -117.204042366867       -275.960910113844       -318.396527582642     
  -263.056509131475       -487.646921980189        459.271797695243     
   220.271558139044       -309.663517317455       -415.476646654082     
   417.240302993647        286.136387298624        397.661714489219     
  -170.298602886211        245.339882259205        185.909583839733     
  -392.737971098501       -333.976475469769        50.9309036792836     
   194.710849807793       -460.351196876658       -407.928884110393     
   400.793356153849        463.128505212217        348.601084729232     
   329.791013864909       -333.315323494283        394.614618291258     
  -403.523563313998       -283.315380840473       -39.9737385556892     
  -132.008603178306        249.241452052035       -93.1454298167318     
   411.508064474064        468.738904848137       -478.777296932447     
  -251.482415420938       -403.039999659360        477.299574795393     
   296.766121743767        371.701000302369       -435.063636619788     
  -138.077425414968        226.749405159474       -428.539554553974     
   267.353525955717        169.726795482810        229.907439109930     
   19.3114462967360        372.578264758526        159.010758630890     
   359.660682301575       -416.440785814760        139.962648226331     
   438.330797831581        83.5689052955036        244.351697280021     
   139.810732744592       -79.9611882756943        462.682318793606     
   44.1110791868714       -235.596853553194        137.180341016653     
  -422.433708518215        185.766327329974        17.1719016319186     
  -416.426200837003       -295.662137042397       -449.859594804265     
  -482.765439681272        354.416169517381       -117.491632460985     
   211.079619099276        177.214424853783        44.3379698641249     
  -319.539780570605        261.541992300686        378.374141483474     
   230.252144425841        340.578365814480       -260.215582613985     
  -116.208983295488        428.904192036415       -193.698967324762     
   398.229004046629       -5.73954497830169       -27.7066281321763     
  -413.490000947681       -178.646242564978       -157.118380467903     
   270.906853735018       -71.5525455688909       -94.2607915551257     
  -422.966771503992       -396.379671614744        145.228831490710     
  -147.315231162029       -3.58095243777296       -360.488775717815     
   497.164847217038        276.554118845191       -252.365925792188     
   58.7846350375057        423.517737769989       -100.726964446620     
  -63.4258151479048        494.607736608783        383.784077186902     
   382.628276955057        365.302814892836       -223.689588957287     
   46.7020438377145        95.5512354252172       -402.143166252491     
  -418.567051216122       -192.129643089613        129.114870668743     
  -270.589089253952        112.416885819022        54.1766244475780     
   481.996542527201       -181.794131152566       -344.499055194864     
  -229.425045196493       -186.778047297213       -100.175725768757     
  -479.976463270373        458.855249687420        397.115337315388     
  -35.5735046433983        434.316089105263       -347.055212594426     
   102.281376809773       -414.572378964467       -320.701173860394     
  -280.421901185002       -244.726907602413       -330.157845543426     
  -229.714817845151       -111.466600547853       -220.552365876246     
   258.359446404758        298.956809524133        13.3977172145637     
   307.012578284399       -63.8672308664380       -109.341789872411     
   424.666799882741        62.3292181631462       -36.1329575866942     
  -211.364011497210       -282.298637319070       -235.297312727325     
   187.741232317873       -107.746902228560       -73.0281177476942     
  -485.740483639734        67.8408962052659        491.132802444642     
   336.965079019791        421.125671963989       -8.12638839275814     
  -26.4488550592935        207.462801660567       -492.503743322016     
   141.831471843492       -72.1393440067051       -329.039228832505     
  -249.521802044173       -430.621866184687       -485.705318294909     
   76.2079707242898       -50.0012299744908       -88.8261213201201     
   22.5417210795190       -52.7840210062655       -224.366980870811     
  -96.5390138820829        310.892760719117       -405.440098122884     
  -33.3489083380714        190.523099011956       -186.190643499701     
   167.360164097329       -397.471374964839        25.7911326793228     
   264.737414197380        138.430806001004       -248.973385739484     
  -282.368513988948       -56.3843763864944        301.635236544065     
   378.445914326189        252.599111278970        80.4306368048311     
  -286.381033641467       -258.460852070327       -1.52026984338886     
   292.605263353998        359.645992550024        132.597742029841     
  -485.957635010778        247.554487801217       -246.753700763949     
  -498.116875924139        16.2578047634621        150.128981685713     
  -60.4765786046679       -118.623908880648        13.1619519641454     
   195.996616575732       -217.698053458862        218.927356930833     
   341.378720718058        15.1261080921241        25.9350900093468     
   389.883488714738       -139.315190884188       -62.3323068945892     
  -105.662994310891        297.447682722960       -304.211368951000     
  -207.690360561796       -462.020090209184        256.128160409113     
  -388.746148228377       -161.346363003572        389.735732985443     
  -51.0493334565290       -212.884235472959       -499.281455734243     
   73.0289051809601        152.147155456480        401.247289313942     
  -393.705363834722       -12.9801298507085        323.230696364588     
   396.281728606645        233.608307483002       -420.023519174196     
  -56.7102475652345       -92.6318147097276        129.133973492489     
  -432.986586030508       -335.625863181520       -110.863953793160     
  -96.4930987460144        380.156655708939       -428.503804338548     
   399.537613829921       -466.579860616144        23.8173969669624     
   280.140631511784        97.7571750103298        258.786002871025     
  -2.35431720508222        64.0283710986417        44.9660105268044     
   15.3420669045641       -429.179258169717       -102.981476696873     
  -358.415997105353       -427.591199448915        108.398021065551     
   247.073875507934        20.6641248690189       -332.888759577435     
  -465.492702586055        59.7770170220379       -164.028702975456     
   108.255423932200        377.827485844182        453.106364707480     
   378.230121289173        441.975540047473        482.862374998302     
  -74.8115483946090       -286.842462551599        302.423684953716     
   292.092518102313       -29.9178492478184       -287.156997671512     
  -385.711353870791       -318.711482729054        125.668850346398     
  -58.5862274653423       -418.101659993940        363.731349547003     
  -105.665506553636        160.232994295564        356.931177824338     
  -477.330696337442       -179.468599965252        481.957286813466     
   452.186795853019       -17.1418227055375        384.276794345828     
  -30.8966166927546       -315.523857865263        146.257627258029     
   308.175668443986       -423.096934549156        101.486168860608     
  -29.7064073500441       -102.392948792969        233.088205248348     
   459.877993720409        244.547498545858        141.099806639124     
   391.027840197721       -72.8630026305826       -442.475349228086     
   392.915959422408       -295.629098372755        79.7328535827296     
   332.281515348668        244.844152737292       -133.122633125365     
  -250.842311336471        22.0628312674064       -2.33686095971399     
   316.014300734369        424.328350726471       -499.524477850450     
   177.607492821586       -385.079554855713        112.798966508317     
   317.577715727548       -430.691318171454       -491.213756265663     
   310.585661278934       -275.715634662579       -176.616742048610     
   195.033844596648       -139.747085226003        234.408756915825     
   487.217871431967       -181.691036533443       -216.560459187087     
  -485.641635386059        140.505588354064       -211.958551088571     
  -435.586350748707       -322.290278456488       -229.999363911314     
  -366.285670844038       -345.640305373551       -161.522782980203     
  -435.206914549967       -222.784436511192       -434.778218835662     
   13.9142431703901        180.218809665458       -403.377982688662     
  -54.6081234429462        260.192892801199       -275.461029687053     
  -103.652295335404        293.579124125755        7.26072542237091     
  -484.137592675023        86.2155993600950       -251.490158437129     
  -444.580413535859       -257.462826736430       -124.567316420480     
   198.143897737483        21.6698769209614       -433.210505788630     
   469.024856745782        11.3510179635297        492.711268076884     
  -51.5482923395963       -206.077995717819       -371.431949581819     
  -160.794732704551        390.368796736628        468.173551510436     
  -78.8116181264582        116.480822395937       -152.671606502071     
  -309.214509922654        215.269581786316       -383.250280318909     
   21.3432089957272       -191.270115672593        470.144295348907     
   482.690404415447        195.992186274069       -426.653656068054     
  -212.798732606644       -74.8079441761026       -271.331429278093     
  -92.6490302082008        482.496996648722        86.5602180630043     
   86.1621544807127       -4.73355357644812        416.730463468509     
  -422.786992246702        334.242130588078        349.553354183226     
  -109.403281844817       -70.7550554136660        468.454831428200     
  -495.074464744576       -309.198187562566       -483.290917044379     
  -98.6233027107001       -27.8012970756331       -399.113697663259     
  -95.6477604946407        298.648221830416        266.731483941978     
  -206.396020503558       -163.345129873761       -212.300128557492     
   460.737287841116       -452.223133267354       -78.8455862560666     
  -352.686301096499       -338.858290250858        68.8145241463707     
   230.380472765461        75.0498109866080       -331.138759221321     
  -132.283214826172       -182.108145663139       -371.011445315542     
   102.011527945743        460.118487295726       -87.4787182247698     
   119.592738647656        91.6519166391391        39.5545292935020     
  -297.716548575977       -229.133024800712       -170.041770652659     
  -344.962656880648        70.6948207267827       -4.85689468348318     
  -286.524081069300        120.131463143589        60.5532357688168     
  -213.295884723846        358.149422305961       -245.764234750513     
   156.558084677641       -428.019729387796        303.515991335202     
   336.080341631000        314.218359165153        134.662633736767     
  -473.799714712880       -357.308637290837        394.735731674607     
  -499.264804617273       -466.626797413117        218.705753837706     
  -374.036960440288       -148.926995768583        59.9017779303942     
   450.062329766943       -373.902888634124        206.429556499472     
   253.638498978349        373.458262646547        196.983322148947     
  -362.820998923753        188.113250066351       -59.7735632121352     
  -36.5393588346651        22.6468729902906        402.805157815309     
   296.273655110624        114.780287377686       -250.900871505297     
  -180.944470632952       -466.485975846326       -200.318241737341     
   490.311983589322       -416.959973024949       -314.672520033626     
   446.266127020408       -127.435275973752       -392.822440662378     
   60.1072668140361       -19.1576565282433       -416.256153901002     
  -307.501551992089        51.7592317888198        155.215715846668     
   419.924544260643       -193.457842778376       -301.970729682368     
   294.255491584406       -429.901398737738       -51.8220797669509     
   415.884499368341       -239.381481356652       -385.883297445290     
   109.031571898461        374.895009848323        299.304972375240     
  -147.300648512578        55.9250899840287        338.546818716673     
   399.244670959093        323.142428401440        491.344705812771     
  -363.076152448297       -384.997846663379        175.436284119301     
  -42.0928425518300       -282.402649290965       -43.4876294790071     
  -226.450702989619       -176.410524870686       -246.092640058080     
  -57.5030424575137        290.348854930908       -389.359386449469     
   321.975757306412       -283.801466982405       -130.954055875119     
   457.684389503286        104.570871865620       -485.071915542294     
  -118.061463132140       -320.945999017177        196.836886569454     
  -183.339144607926        311.495303165678        134.520583289790     
  -175.795536228745       -179.306894420221        10.9991093328791     
  -367.768471483291        394.317375038272       -482.429316968886     
  -69.7554179603291       -119.541874928894        489.749719914385     
  -337.738736629390        434.885764245543       -342.915765311495     
  -139.809663586236       -362.280838794015       -206.150394874990     
  -51.9870752091069        455.964248281418       -486.824326626988     
   238.071037799136       -273.717170937900        377.592293357170     
  -499.638436347836        21.9320651908513       -461.184012098536     
   451.449421641043        73.1808099524893        320.867028447657     
  -259.730153520156        360.783493689538        379.296078225674     
   370.577812194410        188.051745055427        68.7365431071277     
  -469.046549112050       -272.613364584808       -286.313545814088     
   239.478920053553        73.6183187726673       -242.638424562415     
   267.660837737456        424.665848071032       -234.467881931817     
  -120.711643602928       -244.609880397022       -11.7483690840255     
   271.238088866339        296.369587858865        87.7815801470688     
  -442.938820994366       -274.063151234467        252.250321647746     
   301.284426408435       -79.0588037203998       -296.302872563594     
  -246.325803658783        257.172172125257       -111.874844417611     
   257.891033506363       -239.183090082632       -190.714362408371     
   480.332847837493       -314.621002992050        56.7654898972550     
   142.528064369635       -468.790025611945        100.713448161558     
  -426.177050790307        407.701524046541       -241.462603222729     
  -178.389796830311       -391.021712560601        334.960312103677     
   424.108142288955       -121.012552076051       -278.020658125988     
   62.8608338735851       -123.588749209906       -271.585682213671     
  -216.477878345466        223.389579676144       -493.496461048349     
   381.553125536075       -194.816739791736       -449.638071804883     
   432.339494232486       -348.447532448005       -434.759121134191     
  -369.301813138022        397.020995266168        66.8792827915105     
  -476.453714537698       -265.286454488220       -265.066664680218     
   418.661585117798        113.619911557850       -370.653187392988     
   270.008326717980        387.889297432539        266.185741464507     
  -461.167619423591       -464.619175527538        342.982952787330     
  -462.057072098763       -405.354478375582        260.848481055404     
   2.79678066155145        231.881649796822        153.089017845953     
  -225.027960085952       -225.806753939751       -422.842212692643     
  -279.190499443185        73.2447778460587       -219.720416318735     
  -22.2557640596023       -302.157362077095       -278.471460645122     
  -79.6711199321072        410.588733106870       -234.796594110183     
  -401.229946224273       -86.4971288723208       -263.198668077536     
   471.240876035518       -244.434549602185       -233.992540458854     
   38.2025422282582       -105.615731085343       -143.397949491081     
   433.658427261264       -467.722971111747       -64.2105242972711     
   55.3358221443102        127.315175403742       -495.310977847051     
  -236.121552796258        81.5213999847492        209.832547854522     
   438.319614975324        332.305215180823       -109.412624873256     
  -473.295874768006       -322.737649051799       -155.442090105535     
   323.691627948445        56.8516162840580        152.762518490111     
   364.179146688070        27.9820118464850        178.665410581304     
   243.792730021467       -254.956159820442       -83.5036717345071     
  -456.472338317031        368.580082351949        355.920698378820     
  -318.896791714350        92.2281850778465        312.830352732249     
   300.342919784200        142.435570064476        336.962068985110     
   349.807243902987       -470.463733882372       -492.148957835818     
   97.0389161949537        299.982907249845       -41.9115280092144     
  -249.439692451793       -161.968364504777       -5.02301609467651     
   418.035009425586        59.7360560566011       -271.004183467178     
   373.086339427314       -116.725433348521        335.540826907832     
  -181.082160627462        49.1213010043409        488.756224068010     
   50.1234441811640        382.553903393949        118.817059136670     
  -180.299453356049       -435.295033967159        85.2755712105059     
   400.243575461535       -66.0626590788960       -355.712561744996     
   494.671938264328        420.639530408362        411.679801760604     
  -195.139009080276       -270.302636304742       -91.8300837769913     
  -397.553550681124       -43.6734777000954       -380.023436994288     
   113.937661137757       -186.348684755917       -431.793958974298     
   204.188656926170        306.342937768971       -148.222859994948     
   400.589800230288        295.392933584934       -253.688567347605     
  -482.718705912628       -389.609287780146       -360.554972732055     
  -338.008638578809        165.758555098192        351.753655541249     
   457.457195214861        416.846694393067        382.994113515362     
  -50.3337754767262       -111.109935186965        354.548364708483     
  -106.652391872115        250.755427318722        131.080695261181     
  -486.021479038441       -379.490342809204       -454.165030319257     
  -63.8201310880077        291.482379788532        232.144970089346     
   114.760504688434       -268.769466944693        19.3445147687019     
  -494.659787298218       -46.8930287686686        337.248295622925     
 -0.353053924633059        166.607932961393       -242.909646195975     
   425.389622178913       -346.404012266706        202.400194808847     
  -8.18332759457871       -488.837294304357       -90.0747231935865     
   125.905403961407        50.5504383690585        245.361144820086     
  -162.446738364163       -83.6492481688912       -386.900207673441     
  -178.625502010420        113.660148419957       -403.416477511824     
  -149.100122122798       -319.048428730628       -201.353709034187     
  -387.590692585897        329.382522728998        468.522096669476     
   411.574866848001        425.423403578338        101.138292391203     
   363.668203079977        431.177929113675        105.310532940269     
   375.140611262502       -442.869660045915       -453.176720077182     
  -362.417382796052        234.731093259593       -117.878875937176     
   466.144918986742       -334.912417441400        194.743624913136     
   372.747592713470       -431.570293932909        17.5551837273820     
   277.680918156577       -311.129705023964       -346.037642058544     
  -288.035743396282       -69.8954511625298       -124.392112751180     
   227.699160973740        386.261046087455        112.876879561009     
   204.916726293936       -375.013011217167        423.905943302438     
   158.119650529776        124.396296718010       -424.789870440559     
   407.082406385802        331.151703208634       -12.9824185760262     
  -206.373921614971        214.361383449619       -172.813521320536     
  -495.532192578649       -412.006933018840        173.257263017289     
  -186.628552788602        53.8659701489868       -302.047346333985     
   310.409161208558       -159.534258796095        6.60160512716243     
   424.439842150259       -218.977986887624       -282.297251511024     
   113.269520051734        379.200292626406        218.006961527555     
  -428.678628959546       -309.820365549406        83.1653236267390     
   99.5637294663650       -72.6712894053484       -262.199000821875     
   375.399200436160        39.3006321231608        52.2683574551753     
   452.944963704943        91.4445632476292       -435.301675228701     
   188.573018428266       -47.7091174364448        390.892577695598     
   491.549112499538       -478.653961413348        216.518138024974     
   409.139135981362        135.055703101555        316.981348415562     
  -375.365259780571       -90.7277130577049       -394.568259845629     
  -289.155651386004        132.572394687985       -176.280917825121     
  -152.882977153666        299.424513686020        113.230421265859     
  -416.496678209965        61.4815599871474       -119.446075825448     
   36.8273764058597        32.2849989143306        160.216861459627     
  -191.835674366929        40.2928688213655        407.716392146372     
  -237.815760408687       -361.438345267558       -395.710032030639     
   211.168654472256        406.053442980414        475.597006699881     
  -107.022270372554       -369.259130622738        122.649253776848     
  -142.422709896197       -324.846370663467        144.955474800064     
   10.7371953374983        402.508737385850       -194.165426773980     
  -481.319223722505       -44.4287845289561        260.451342276466     
  -424.047936938738       -485.512902386764        44.0306357306436     
  -265.154893527817        123.929960203378       -254.754391104972     
   372.857573531982        370.273864815605        295.624804044191     
  -154.899274309371       -128.177966175195        237.128953754882     
  -236.888627351976       -438.611360165275       -150.513516875752     
  -199.835502768876        105.114237607786        479.168903189410     
   359.701416024294       -246.328244189686        218.435928256740     
   258.564440290432        53.6784231954550        168.294469735132     
  -313.749372572032       -356.322834169232       -217.055161460158     
  -137.446532576790       -53.9311427083560        138.265309972944     
   277.011995690882       -27.3383710644038        466.118757668925     
  -94.4813618114765       -273.441328547203        301.780987135778     
  -275.036721899231       -96.5624813492469        357.157175828869     
   25.7319638911703       -61.0908226541811        64.7856970349242     
   263.328754754244       -152.566790798762        42.0439099304983     
   457.490361010039       -147.639220603432        20.8752743314934     
  -25.4434038245545        82.9840654291413        338.845783519506     
  -130.547636466357       -22.8915901136525        293.926780337362     
   423.341456560427       -241.767889843449        274.136694987126     
   467.755932481610       -84.3423161046107       -186.717224014441     
   378.242598218199       -235.797886989462        376.815386362981     
  -350.781137271038       -469.147525903555       -120.195233596767     
  -405.343484577814       -469.536896520591        475.580484571092     
   248.656898101714       -221.669485020408        413.928388936403     
   234.646813219868        72.5673021135004       -371.628243982979     
   189.063602858411       -437.694475848242       -90.3740912591105     
   341.913331096354       -328.315023987916       -447.969274864247     
   319.845863937817        448.661254549493       -67.0837239372164     
   205.377395710477        197.922797558566        310.967296796020     
  -331.648784545319        185.352075963711        386.350835831751     
  -457.318557133934       -463.913411801979        71.1039153597459     
  -108.048035150433       -173.468842750812       -92.5101443954576     
  -411.656690058680        409.265737183198       -35.4157232261907     
   47.5981331178168        452.046092564200        149.889533520028     
  -320.944349644832       -255.930009416329        489.598834475454     
  -49.8645034332223       -270.416258594665       -469.422975276109     
  -286.932872556753       -127.003408640293       -78.6653199170502     
  -8.24077948949690       -449.340335882236       -427.675669944115     
  -401.942598943189        493.087644415184       -189.790786538375     
  -244.758031938427        187.593212092956       -64.1997428410593     
  -462.272387367279       -484.188888527479        117.193176625957     
   303.023798976568       -19.5992524577018       -423.185681212127     
  -176.663221566181        132.248897450582        420.300831191971     
  -101.263399751573       -193.699563371234        131.505891996435     
   88.1760395108539        404.687296086185       -165.230999954341     
  -268.423353468993        298.910513477116        321.362761694859     
   19.4052039410174       -321.324701799359        446.314156258804     
   213.555564476280        391.900291578621       -297.156584336567     
  -68.4596436652688        393.430660917238       -262.157915059209     
  -389.850210695187       -351.876709800922        154.092546830822     
  -272.218774370196       -115.303817345214       -44.5541293765897     
   329.635757728962        491.846159243453       -166.909771360146     
   141.386415119210        239.257987047045        381.406079940271     
  -252.724441225444        276.661637246719       -263.680612162153     
   433.648618571520        389.324090253815        163.728905104545     
   159.332849571150        397.145587605131        262.709967713032     
   393.187479079204        220.382881459101        485.745760979310     
   20.9897678737193       -287.429898014079        80.8267222578958     
  -106.251636301815        159.150488221919        177.806530899160     
  -21.3088199083003        118.529821548160        59.1841002603276     
   184.289564920873       -10.1013837189505       -108.555324714260     
   242.278758945731       -429.038048707058       -292.399984017946     
   78.0002759443693        44.1162978531248       -252.279765412109     
   408.676419517720        9.53399311303491        436.592638776810     
   18.6572592174005       -107.900266848283        192.754310036131     
  -2.70039389353968       -142.333552054294        467.040293476740     
   354.692754637860       -4.15806651741161       -286.056434649414     
  -257.285889875750       -178.003886076776        319.637747327427     
  -415.963254802337        225.116589867932       -82.0372730834270     
  -461.967162213851       -291.974388676614       -442.914473892995     
   459.427904128734       -236.248242939404        451.174921286229     
  -126.094766062711       -102.327533624061        320.053606622179     
   149.661289165358       -282.639032008275        299.152085058356     
  -109.613922805146       -93.9995062025077       -351.702590656802     
   276.064928604996       -1.10430763748860        320.827429541539     
   34.6638078086178        181.518050808940       -27.9345292944633     
   144.356423416311       -493.065789067462       -178.509078302082     
   312.585188574035        485.307215131404       -395.096104165152     
  -398.444005925088       -241.053310683711       -490.866027876554     
  -168.288299257172        445.347068065077        371.584284624392     
  -97.9425673490018       -196.758493885618        55.0023243647047     
  -423.131787900907        250.209428261871        3.64829125353248     
   293.078141012992       -113.625343031322        126.013937970243     
  -269.741020830342       -252.483428903433       -382.390969900057     
   458.119988180788       -102.018839293906       -310.301187855937     
   184.043299473672        30.1456763699559        219.047299175997     
  -16.5870403451382       -168.682302272877       -298.267559079800     
   79.2613933967501        349.823396762360       -187.160902381259     
   181.182342535116       -42.4253163422243        344.088451353607     
  -22.7745726871494        430.378980507240       -130.543071122916     
  -426.123936996113       -242.802880768779       -202.038036507198     
   398.104766541580       -366.008252189822       -89.4381581350440     
   180.753424234706       -278.898710481073       -434.327077315097     
   177.879936816074       -248.739275915008        169.045656858421     
  -160.740612150614        429.737454758808        316.550637319126     
   99.3341761377651        415.552662602613       -3.15647421791334     
   296.308127551427       -357.849033045195        230.119768092491     
   256.460184370686        276.798179851771        487.676270749643     
   316.828793580851       -411.681562426003        410.793910928759     
  -110.879574867322       -235.332720681691        481.114949283547     
   23.4197827478308        111.350941921038        192.760861890703     
  -186.613441613570       -467.103160546985        311.158763220763     
  -266.866830263139       -48.4315914179604       -42.9950501558283     
  -340.941965803536       -205.614408467536        267.277158898560     
   43.4411266783687        273.167083840444        51.7578497060643     
   118.904218825910       -456.367675816292       -44.7525104060608     
   50.4551603406138       -339.009433200491       -471.970209208069     
  -188.469070251972       -139.115972130028       -64.6656416340645     
  -460.727368323983       -337.073139916741        245.822357663371     
   211.854577300901       -318.283295982555        117.159298834641     
   142.101103243693       -139.431937295811       -101.474352704977     
   232.343166251278       -101.860272771737       -228.634742523522     
  -259.487736297985        403.509327116557       -227.735548213833     
  -26.2998606709252       -386.343707022823        30.9181875214184     
  -486.980422815930        98.5919190013365        329.450039893040     
  -158.102148649601       -137.083754479941        297.275248807107     
  -405.669780439665        191.497162812043       -436.803093472618     
   426.827938193628       -442.642796842678        54.9976668203246     
  -80.2749857880993       -308.246083883996       -297.596045208939     
   396.312960044759        2.77865805485465       -203.988026752595     
   23.7763926950241       -329.855842766234       -488.846121380069     
  -58.2657747215558       -341.224232923268        1.60440413112383     
   187.184542608765       -100.392058507226        392.237516045656     
  -283.383572282085        272.553287757107       -142.895568928740     
   422.525739956034        278.356581535333       -410.949126552174     
   348.915421477429       -225.577422265933       -234.773040495678     
   139.048375803562       -69.8738258514912       -416.806982331254     
   483.022162484415       -421.733098266327        186.151048784534     
   186.893475887339       -205.173328490804        249.504601446860     
  -401.110201885164        241.330899769963       -146.137217023254     
  -482.394777007194       -410.618811567593        117.486055701185     
  -18.4594397754662        392.862060988914        468.168712358147     
   322.879174698482       -121.764691011049       -277.885754648731     
  -430.643294986654        153.041279645872        40.0855582706957     
  -465.783853592178       -425.466686331047        5.72515557829098     
  -257.401280281651       -91.5727393160037      -0.350548666808152     
  -409.808586041317       -476.404035926956        124.024575595784     
  -125.316536124752        293.382465111793       -91.2344312551098     
   132.786929508153       -80.2809555660389        74.7113483261606     
